, „ ,
.. ² 4741 . ,
*A · mo 37947. 698, 8· 648, Ibycus 866001 101101 307 >

¹7-44wmmffi.m,
43· 865, 46 866 93 8764 Istmcs 1193, ·.49 71445E9

885, 597. 889, 98. 930, 10.

, 96. 1094,.11 1118 96
9145 ,94915 51,.7916836.

. 61191461891618148

. 9186909187, 36Γο0111160
649 6 683, 47. 68619.
1691, 5. 716, 49 71916.

ν»1711313731 13 75919·

. 1 . 161 161614616111·
’ς mwwwmw
· . 885, 30· 893, 5· 1001, 14.

‹ 1011,91.1019,7.1039,6.

, ‘ 161161· 4611161618

166 37· 711 ¹3 1161

„⁸ 777,9. 861, 96. 87911.

1003, 4411163 1139,

Α 33. 1161, 99. 917993, ,
, Ι ⁴¹. 217817400111160649,,18
‘ 649 36 689, 96. 691, 94.

3 ' 16. 111 81646 886, 54
s.meffl.mm

9081. 71831. 3,1149 30.

⁴ r 116918139934. 1415,

14.

1119111( 1011990114 5

34· 31916·

446641168946. · 7

ὲ 1· ” (V 710183 1091, 31. 1034, Jst’ffafflss‘fflan) 1104,

33..,11713-.1189,90 87
3416697171164, 43. 1907 9
Areopagitico 1181, 33 754
477544745 1168,10. 1178
13. 118411. 190611
190988671941691107419 5
1913, 98 11711 Νικονλεο(
1164, 47. 7914307119
1104 49 1174, 391186
7119136. 7979160101
1167, 9. 1174941909,
36. Philip. 1903, 36. 7184 7

. ² 1914161196131909, ζ
’ ,· 19. ’10597 3. 1194, 13. 1464139917,08910139991.1

. 11893 3. ,891801910111189 Iuvenalis 619, 38· 613, 43. ι

Ι, 3.318,10.911111069914

ψ , · 614111611811148
’ 5 710 47 ·,741 13· 748 33·

61814 6861816164
739, 4. 749, 46. 190397
1169,5.1693,.61706,,87
1706 4² 186111· 181.
99. 1976 99 96 99743
Primo Satyrar. 611, 20.

’617189646494196387

16 684 41689 11161
42 11114 74415 8025
6·,1864 1 81614 8755
51 88194141 616
44. 990, 94. 1011, 18.
1130,7.1138,30.1150,99
119641· 1¹8444· 1195

. . ¹ 15,

 

