00, 0000000000. 0000104174000440  ⁴ ’ν

444040
moommwo
04’44040

80124680223'2·49·8²⁴·.

3482629· 851218· 8644
870, ¹9· 880, 06. 900, 40.
,0030040400
44444444

4444444

999, 9· 997, 9· 999, ’8,
0009, 30, 0000, 0. 0000,

06. 0005, 4. 06. 0007, 3.
4,. 0000, 34. 000404.
0008, 3500093 00379. 9.
46. 0040, 38. 00,40 7. 1059,
3.9 1068, 40. 0090, 3.
0095, 0, 0099, 4,. 0000,
08. 0000, ,8. 45. 000439.

0005, 38. 0003, 34. 0030,
0 08 0030, 06. 0040, 00.

0045, 540. 1i63‚ 36 0069,

‹mwfflff·mw5·
0085, 3!· 0087, 39. 00,88
34.. 0089,’07. 0090, 0.
0090, ’,0.36. 0094. 0300.
440444·
0099, 47. 0000, 30. 0003.
06. 30. 0004, ,4. 0009,

40. 0004, 5. 0075, ’0.

0304, 0.3 0070, 3. 0707,

00. Phormione 56, 08.
¹leo, 06. 078, 30 080, 9.

185, 28· 188, 38 18918·

-,19(1 14 34 197, ¹5· 38·Ι
mawoow
32 ⁶03237· &¹247-
614, ⁴¹3. 647, 10. 672,

44404Λο”

4444Μ40

’444444“’
998, 25. 864, ¹0· 870. 00. 1

444444

844444 κ,
, 93406. 946, 35. 000334, . “

1004‚7.39.1006‚36.1009‚

34· 1014000. 0006,08.· , ,
95· 1027, 3-7·¹ 1030,08.“ ,,
10386· 165800. 0059. s ¹
3.5 0060, 36. 0“088,0,.,’

’00034 0.,00, 0037, 4ο. , ·
11461937, 1151‚16. ἵ. ,
0060 460067 07 0068, ’Δ
4.’80070,44.,00800649. ‘·

0,,90 03. 0090, 07. 0094,
47 0000, 00. 0000, 30.

000343. 0003, 0., 1251, ‚ ¹
‹ 45. 0081, 23· ,11830 98,

132936134935· ¹354,

38· 0170, 03. 0080, 7, .

0084, 08. 008903. 0003,
38. Heautontimorumeno

678. 4ο. 706, 03. 766, 4.
7nomom‚o‘

044444400·

4.04μ440 ’
0007, 37. 008800, 000405. x ,

88 0 0,,04,

Ῑ

 

